# Created by Octave 6.2.0, Wed Apr 21 09:57:26 2021 CEST <danieldoerfler@C02YL1FTLVDD.local>
# name: data
# type: matrix
# rows: 510
# columns: 2
 2.8893910282646909 0.34645556004096112
 3.9083977698507057 2.4807684220402795
 5.4975528020758677 8.6411991873367953
 1.6581147729696639 -1.7199824969510371
 3.5075962007635582 2.4983655927252322
 2.5427000775639819 1.0484213602835726
 4.3407952483063177 6.9774266651356704
 3.9799393391199995 5.848334341754347
 2.9351608494939962 1.9088163168637005
 3.035112209116769 3.6031601782859513
 1.6360683762514279 -1.6826896358022232
 4.5943823240782304 8.0902764553027566
 4.0957135490099947 3.3399326121999504
 3.8409357624841367 4.8939450971567222
 2.5273693947084119 2.2948996979033796
 4.1638309635205344 6.4256088981880275
 3.3943706212346876 3.7915173764808143
 2.8393659998574794 2.2053875527615441
 4.8148149441918662 8.2894138767110306
 2.4090976521317904 0.028879995477658404
 2.5840749334926958 -0.76928522664826993
 3.0267784963567581 -0.95711716978127903
 2.9143596701286514 -1.2407629756401723
 3.3980737626707933 4.3188708121320101
 1.2216710655540319 -2.8546598858028585
 3.9535884291295291 5.6676857063213415
 3.3985742102272503 3.7076801964596449
 0.59078267758468295 -4.4033029128615135
 4.8770151235580652 5.2699595589331265
 3.0929505002693887 2.6216237561536087
 3.1050507569996593 1.2464629363670832
 3.2501753965804707 1.9702074426507936
 2.0509095987750783 2.1219647155212331
 3.3565772484068694 2.6186326298660294
 3.6802813653567483 4.8178853781284774
 3.1049886879942963 0.7132336927781473
 2.943656138057523 0.9435736286349643
 2.28044416743503 1.2095263440788302
 1.1161102053386116 -3.4986412600976893
 4.2107129360535804 4.1100439151422172
 1.8564972558676729 0.90489410856486407
 2.8263720135585659 1.9153567870097663
 4.3712556750355231 3.7947885631438174
 3.180869544036784 5.4855763694359876
 3.2482224366713197 0.36082200752802374
 3.3614424419755986 1.2250984946935248
 1.8556788192567828 2.2516358301812178
 3.1140365374080892 3.4716540166784036
 1.0669245280734816 -1.7817255244293717
 3.3193567717048444 1.6072344416666628
 2.9718522004592822 3.5003411783743417
 2.4461282122817529 -2.3858743442638453
 1.6298986056915563 0.99768742904726793
 2.7940443679328855 2.6763407726890902
 3.1458298041892294 1.6154452065319991
 4.1629457496475535 7.0705894266920062
 2.4647607297664638 -0.28938721268600176
 1.5236397846454843 -1.1025517108495748
 2.8661872091097771 2.2522094765940768
 3.8458084947886046 3.8765007927345403
 4.985144830357914 6.2137918310640199
 3.1537686196264638 3.5558442737614477
 2.7881530433894453 3.8329511072233036
 1.5943289438866164 -0.18188182428562172
 7 -9
 4.5158984169572829 5.9320906645865792
 2.1215113532923722 0.2034492707932094
 0.173445765252211 -7.533676595863259
 2.6659849758079472 -0.30548664480329668
 4.5431416257393709 6.7897753947671413
 3.2207594163627578 1.7283134240825517
 2.1600777910328994 1.14251054195601
 0.36145190041768283 -4.8068906916945418
 3.437598553173673 2.7660189829786668
 1.0399917297372765 -2.0194054805660846
 3.2928166099831957 3.5595359031639191
 3.45178897353943 1.645510231018936
 2.1583415113752 -1.1163767739526822
 4.6528839449517481 7.0716884303304335
 2.4523305379834239 -0.56623007423301619
 1.8242756439662418 -1.562701292955095
 4.7925940115996983 6.0390429069697351
 3.6509726392249733 3.7324875716089276
 1.5155048460974287 -3.3716314122726887
 3.1039518424026404 2.4631030954406574
 3.2319586139857415 2.4758576456652692
 4.1337084808383917 4.8038323737730817
 4.0791083679812843 4.4603902016316166
 5.5749817321831623 8.3008129049553183
 4.1546175812808928 4.6985174081477297
 3.4347457010715798 4.2481687433472519
 3.693662825841352 4.9561837927286785
 1.0642847615406572 -2.9389802493138406
 1.3875095322681938 -2.5392496361360841
 0.42210612541194603 -2.8636104733000138
 2.5790754091103505 1.232556015706797
 2.3539775500255256 -1.8793907647885821
 2.9005368882856728 -0.59524451517981625
 1.1818622022823739 -2.8640754447304921
 2.8357298281409711 1.5964573142834755
 3.2564243369807775 2.9839951303029855
 2.3632151460954827 -0.06903348194309844
 3.5149213167923286 4.2608514313189545
 5.7535658193136481 9.79780767202781
 2.9499312114843939 2.5391629571646663
 3.3753577275664139 2.4393320924673474
 2.685991052525682 4.002665712423795
 4.6012065566312783 6.2109831902229367
 2.025531574854643 -2.2646079844446056
 3.8107514323669678 3.6080814900456728
 5.5325018861877613 7.9385092908127737
 2.5940664149013486 -0.71524347579352288
 3.1757053101345947 0.75533909536457799
 4.5496372784395973 7.9055182667640578
 2.695472054515152 -0.83403828592834639
 3.3209722818551497 3.3687064810227603
 2.5896675629542338 0.25322160551064687
 3.4451557402564248 1.9201402352420882
 3.8154041721018732 5.3919737337818638
 2.0292485847473527 -1.2432088065125568
 2.708954825533648 1.302325777565029
 2.8790004641599567 0.79475824254043115
 3.1712944767280176 6.4425730418780658
 4.3379061279297462 5.9603000891940905
 2.232931291789531 -0.2891014388842037
 3.0180070863162252 4.8692974223819654
 4.1386207503692471 3.7592885430487764
 3.8770831596817361 1.0055917349229162
 3.940896698162299 6.0198670965634671
 2.631287247277676 1.725371120521572
 2.5869767044932583 -0.56886722904999543
 -1 5
 3.5389360302303507 2.4849237921657705
 4.2986071808521498 3.0992382455900511
 3.312546680673103 2.6631270623584684
 3.6941686453840821 4.5448752337761693
 3.9815949681724687 5.1735063277767317
 2.98640801091581 3.4659027271672
 4 -10
 4.5993380989554042 4.9864075084239836
 2.2382132280714839 1.9378504230564322
 3.3776075335377889 2.7985054047958107
 3.648144508932059 5.2870789357767372
 3.0644607217497959 0.92973651653199374
 3.0648940232512718 2.3689035543039267
 2.1562960980321746 -0.54132430904273532
 2.4499499890221221 -1.6653133224093737
 2.9574388281913442 2.7780729597234268
 0.096913484522483717 -3.4984037556568346
 2.4958295290382471 -0.81046750032505832
 3.4923440375612618 2.6943985461105582
 2.2274254924387318 0.32820725205298529
 2.4867784949222385 0.98129528320707915
 3.5864942706543639 5.187522209590675
 4.805700523585581 4.7948906327092295
 2.6207001644851462 2.8177327191236969
 2.469479566976676 0.22477757536055099
 2.1600861230347617 1.644165932973068
 -1 5
 1.0128355257648454 0.060513266727030279
 3.7417868195230457 2.716572534976037
 2.8010917735430305 1.3194105115354682
 2.5107222411209831 1.8765615919403433
 1.0660931980757391 -7.2140913765680637
 3.2907645194728521 3.1899425376709329
 1.6240554991565461 -5.4074504070745339
 3.7147466052518099 3.9374145522840704
 2.3414186185530337 1.5692299715064844
 4.0126979127828548 4.2903795237961111
 2.6517530357344476 -0.24108873471672831
 4.1428036270921176 5.3034689394159713
 3.6915468418871509 1.8204895906845127
 3.8914154379627348 2.3001691245239488
 1.4943765404909719 -0.95331602076001065
 3.1954216242157805 3.5395955963533998
 -1 5
 2.1284835098063226 1.5930161974561574
 1.3277970298704298 -3.7546382279335289
 2.1915695261935837 1.0656357994477346
 2.8088059416806512 2.2149761526216598
 3.4311462034365237 2.8150177724968435
 3.3002491842578245 1.4081907985705886
 2.8840327254121543 2.6644917857375852
 4.3495824735188116 4.6129235862578408
 2.3864580060519023 1.9145430880165886
 3.8986056574870682 4.685112597323041
 3.0052382496647869 1.3325708257042903
 2.9612092210720111 -0.19256205464973863
 3.2244215115021819 2.7912031466462022
 4 -10
 3.4320745632357266 1.8789621791957696
 4.4040800651103531 7.7254189592527878
 2.4011960022646766 -3.4152957777415311
 1.0983496628618732 -4.4208917161822425
 2.1465095760407791 0.67902695360480636
 3.7102179925851204 4.7479392147556725
 2.4793490731539034 1.8110371401136187
 4 -10
 3.2156918474109517 0.28221529105112864
 2.5764057711790525 -1.7867348523739248
 2.1860231310421914 0.013094128651270465
 1.2082892108546526 -2.3704127926577794
 2.2027225557599861 0.026603290916873412
 3.9086734948292898 5.3102141182182594
 3.1196453764371599 2.3066398217970647
 2.775327891160178 2.0996000719432684
